# name: debug
# type: sparse matrix
# nnz: 62424
# rows: 3456
# columns: 3456

1 1 2400
2 1 1.33252784e-13
3 1 -7.10542736e-14
4 1 0
5 1 -9715.385
6 1 -60031.2537
7 1 -151.981377
8 1 900.259189
9 1 -407.964526
10 1 0
11 1 0
12 1 0
3415 1 -43.8117091
3416 1 396.944601
3417 1 -22.7050189
3418 1 363331.354
3419 1 40492.065
3420 1 6823.99767
1 2 1.33252784e-13
2 2 2400
3 2 5.689893e-14
4 2 9715.385
5 2 0
6 2 -10074.4523
7 2 -965.191655
8 2 -46.2925527
9 2 257.414197
10 2 0
11 2 0
12 2 0
3415 2 -288.680187
3416 2 -16.0514331
3417 2 276.416535
3418 2 -333895.388
3419 2 205002.328
3420 2 -336804.75
1 3 -7.10542736e-14
2 3 5.689893e-14
3 3 2400
4 3 60031.2537
5 3 10074.4523
6 3 0
7 3 -212.853777
8 3 -432.88612
9 3 -875.958262
10 3 0
11 3 0
12 3 0
3415 3 -273.394008
3416 3 -46.6619249
3417 3 -288.233206
3418 3 294340.085
3419 3 273939.094
3420 3 -323534.343
1 4 0
2 4 9715.385
3 4 60031.2537
4 4 3700421.83
5 4 604797.166
6 4 -98232.1773
7 4 -22155.0876
8 4 -26436.4464
9 4 -50083.9946
10 4 -94.6239836
11 4 916.47774
12 4 -252.775766
3415 4 0
3416 4 0
3417 4 0
3418 4 -9.85269982
3419 4 373.046336
3420 4 45.204916
1 5 -9715.385
2 5 0
3 5 10074.4523
4 5 604797.166
5 5 198259.139
6 5 583269.961
7 5 -667.827627
8 5 -13107.4552
9 5 -4861.26726
10 5 -949.047604
11 5 -41.7276118
12 5 301.094271
3415 5 0
3416 5 0
3417 5 0
3418 5 -314.053796
3419 5 1.80495439
3420 5 225.675358
1 6 -60031.2537
2 6 -10074.4523
3 6 0
4 6 -98232.1773
5 6 583269.961
6 6 3706497.49
7 6 18847.4099
8 6 -53577.3156
9 6 21897.3149
10 6 -57.8757884
11 6 -389.064072
12 6 -456.642802
3415 6 0
3416 6 0
3417 6 0
3418 6 -198.120429
3419 6 -99.634847
3420 6 -137.703966
1 7 -151.981377
2 7 -965.191655
3 7 -212.853777
4 7 -22155.0876
5 7 -667.827627
6 7 18847.4099
7 7 2400
8 7 -9.94694778e-14
9 7 2.84217094e-14
10 7 -5.68434189e-14
11 7 20446.9231
12 7 -70233.178
13 7 -991.576323
14 7 -38.9145406
15 7 123.539688
16 7 0
17 7 0
18 7 0
3409 7 -293.880654
3410 7 -26.3028943
3411 7 270.078358
3412 7 -267772.791
3413 7 209502.846
3414 7 -270968.442
1 8 900.259189
2 8 -46.2925527
3 8 -432.88612
4 8 -26436.4464
5 8 -13107.4552
6 8 -53577.3156
7 8 -9.94694778e-14
8 8 2400
9 8 2.84217094e-13
10 8 -20446.9231
11 8 8.8817842e-16
12 8 -32619.7492
13 8 32.0899739
14 8 -997.872022
15 8 -56.7596791
16 8 0
17 8 0
18 8 0
3409 8 -54.2554203
3410 8 -384.381995
3411 8 -96.4719187
3412 8 -245657.091
3413 8 63177.3804
3414 8 -113566.921
1 9 -407.964526
2 9 257.414197
3 9 -875.958262
4 9 -50083.9946
5 9 -4861.26726
6 9 21897.3149
7 9 2.84217094e-14
8 9 2.84217094e-13
9 9 2400
10 9 70233.178
11 9 32619.7492
12 9 -5.68434189e-14
13 9 -125.485575
14 9 52.3171685
15 9 -990.715037
16 9 0
17 9 0
18 9 0
3409 9 -265.876872
3410 9 107.511113
3411 9 -278.838393
3412 9 346105.591
3413 9 277132.082
3414 9 -223164.006
1 10 0
2 10 0
3 10 0
4 10 -94.6239836
5 10 -949.047604
6 10 -57.8757884
7 10 -5.68434189e-14
8 10 -20446.9231
9 10 70233.178
10 10 5353110.53
11 10 2290952.27
12 10 666817.921
13 10 -9469.39193
14 10 24077.8135
15 10 -68420.5048
16 10 -990.834291
17 10 -37.2687132
18 10 124.018456
3409 10 0
3410 10 0
3411 10 0
3412 10 -285.862385
3413 10 -8.03363407
3414 10 269.625078
1 11 0
2 11 0
3 11 0
4 11 916.47774
5 11 -41.7276118
6 11 -389.064072
7 11 20446.9231
8 11 8.8817842e-16
9 11 32619.7492
10 11 2290952.27
11 11 1484470.03
12 11 -1436097.55
13 11 -24367.9928
14 11 910.890295
15 11 -29790.8695
16 11 33.7386637
17 11 -994.215228
18 11 -55.6959228
3409 11 0
3410 11 0
3411 11 0
3412 11 -34.1684097
3413 11 -338.614658
3414 11 -97.6074532
1 12 0
2 12 0
3 12 0
4 12 -252.775766
5 12 301.094271
6 12 -456.642802
7 12 -70233.178
8 12 -32619.7492
9 12 -5.68434189e-14
10 12 666817.921
11 12 -1436097.55
12 12 5998727.65
13 12 68594.7895
14 12 35283.4269
15 12 -6825.09837
16 12 -125.003364
17 12 53.3867121
18 12 -990.403908
3409 12 0
3410 12 0
3411 12 0
3412 12 -265.764884
3413 12 107.766272
3414 12 -278.844724
7 13 -991.576323
8 13 32.0899739
9 13 -125.485575
10 13 -9469.39193
11 13 -24367.9928
12 13 68594.7895
13 13 2400
14 13 2.59002889e-14
15 13 1.71418435e-13
16 13 -1.13686838e-13
17 13 -58122.152
18 13 201120.052
19 13 -991.251585
20 13 -13.777118
21 13 131.264948
22 13 0
23 13 0
24 13 0
3403 13 -384.166262
3404 13 60.7399574
3405 13 93.4180967
3406 13 -96127.8378
3407 13 36161.2386
3408 13 -418821.466
7 14 -38.9145406
8 14 -997.872022
9 14 52.3171685
10 14 24077.8135
11 14 910.890295
12 14 35283.4269
13 14 2.59002889e-14
14 14 2400
15 14 -4.26325641e-13
16 14 58122.152
17 14 0
18 14 15135.4201
19 14 16.4178176
20 14 -999.683606
21 14 19.0563337
22 14 0
23 14 0
24 14 0
3403 14 -36.2791103
3404 14 -385.256018
3405 14 101.299687
3406 14 -190638.148
3407 14 -33623.974
3408 14 -196150.86
7 15 123.539688
8 15 -56.7596791
9 15 -990.715037
10 15 -68420.5048
11 15 -29790.8695
12 15 -6825.09837
13 15 1.71418435e-13
14 15 -4.26325641e-13
15 15 2400
16 15 -201120.052
17 15 -15135.4201
18 15 5.68434189e-14
19 15 -130.960875
20 15 -21.044705
21 15 -991.164149
22 15 0
23 15 0
24 15 0
3403 15 -105.357057
3404 15 -88.8169917
3405 15 -375.51489
3406 15 416158.688
3407 15 170578.514
3408 15 -157105.687
7 16 0
8 16 0
9 16 0
10 16 -990.834291
11 16 33.7386637
12 16 -125.003364
13 16 -1.13686838e-13
14 16 58122.152
15 16 -201120.052
16 16 43829853.4
17 16 3044040.26
18 16 879700.56
19 16 27293.0968
20 16 -53871.2503
21 16 200450.58
22 16 -991.130704
23 16 -14.5094859
24 16 131.185144
3403 16 0
3404 16 0
3405 16 0
3406 16 -378.772162
3407 16 55.8734972
3408 16 95.4268332
7 17 0
8 17 0
9 17 0
10 17 -37.2687132
11 17 -994.215228
12 17 53.3867121
13 17 -58122.152
14 17 0
15 17 -15135.4201
16 17 3044040.26
17 17 3609653.31
18 17 -11689529.8
19 17 59595.8231
20 17 1119.2762
21 17 7372.28451
22 17 15.6811222
23 17 -995.22028
24 17 19.5426882
3403 17 0
3404 17 0
3405 17 0
3406 17 -40.9370386
3407 17 -381.053719
3408 17 99.5650972
7 18 0
8 18 0
9 18 0
10 18 124.018456
11 18 -55.6959228
12 18 -990.403908
13 18 201120.052
14 18 15135.4201
15 18 5.68434189e-14
16 18 879700.56
17 18 -11689529.8
18 18 40680754.9
19 18 -199112.079
20 18 -17901.486
21 18 26688.4387
22 18 -131.039995
23 18 -20.5653487
24 18 -991.111915
3403 18 0
3404 18 0
3405 18 0
3406 18 -103.154076
3407 18 -90.8044813
3408 18 -374.694511
13 19 -991.251585
14 19 16.4178176
15 19 -130.960875
16 19 27293.0968
17 19 59595.8231
18 19 -199112.079
19 19 2400
20 19 -9.27036226e-15
21 19 -1.15463195e-13
22 19 -3.63797881e-12
23 19 537997.541
24 19 -2124414.17
25 19 -998.080314
26 19 42.0961693
27 19 -45.4268661
28 19 0
29 19 0
30 19 0
3397 19 -352.194219
3398 19 -11.5114626
3399 19 189.279472
3400 19 -238009.012
3401 19 174348.66
3402 19 -432262.353
13 20 -13.777118
14 20 -999.683606
15 20 -21.044705
16 20 -53871.2503
17 20 1119.2762
18 20 -17901.486
19 20 -9.27036226e-15
20 20 2400
21 20 -4.11226608e-13
22 20 -537997.541
23 20 1.8189894e-12
24 20 -189085.341
25 20 -41.4384093
26 20 -999.023513
27 20 -15.3257845
28 20 0
29 20 0
30 20 0
3397 20 18.9853929
3398 20 -399.396745
3399 20 11.0360881
3400 20 -297636.756
3401 20 -17959.7593
3402 20 -137940.056
13 21 131.264948
14 21 19.0563337
15 21 -991.164149
16 21 200450.58
17 21 7372.28451
18 21 26688.4387
19 21 -1.15463195e-13
20 21 -4.11226608e-13
21 21 2400
22 21 2124414.17
23 21 189085.341
24 21 3.63797881e-12
25 21 46.0276642
26 21 13.4139468
27 21 -998.850099
28 21 0
29 21 0
30 21 0
3397 21 -188.676409
3398 21 -18.700979
3399 21 -352.209435
3400 21 414331.86
3401 21 276245.501
3402 21 -236622.589
13 22 0
14 22 0
15 22 0
16 22 -991.130704
17 22 15.6811222
18 22 -131.039995
19 22 -3.63797881e-12
20 22 -537997.541
21 22 2124414.17
22 22 4.80257931e+09
23 22 401695581
24 22 101727449
25 22 120075.584
26 22 565968.972
27 22 -2113726.07
28 22 -997.858823
29 22 41.83735
30 22 -45.5068987
3397 22 0
3398 22 0
3399 22 0
3400 22 -352.12866
3401 22 -13.2592596
3402 22 188.967755
13 23 0
14 23 0
15 23 0
16 23 -14.5094859
17 23 -995.22028
18 23 -20.5653487
19 23 537997.541
20 23 1.8189894e-12
21 23 189085.341
22 23 401695581
23 23 325196996
24 23 -1.1429296e+09
25 23 -528261.598
26 23 25184.0163
27 23 -213307.454
28 23 -41.6815225
29 23 -998.739426
30 23 -15.2379389
3397 23 0
3398 23 0
3399 23 0
3400 23 18.2492438
3401 23 -379.770859
3402 23 14.536331
13 24 0
14 24 0
15 24 0
16 24 131.185144
17 24 19.5426882
18 24 -991.111915
19 24 -2124414.17
20 24 -189085.341
21 24 3.63797881e-12
22 24 101727449
23 24 -1.1429296e+09
24 24 4.54889123e+09
25 24 2128171.36
26 24 99471.0032
27 24 99403.3592
28 24 45.9435948
29 24 13.5121847
30 24 -998.819722
3397 24 0
3398 24 0
3399 24 0
3400 24 -188.814045
3401 24 -15.0315519
3402 24 -351.554999
19 25 -998.080314
20 25 -41.4384093
21 25 46.0276642
22 25 120075.584
23 25 -528261.598
24 25 2128171.36
25 25 2000
26 25 1.47553519e-13
27 25 -4.46753745e-13
28 25 -3.41060513e-13
29 25 -25404.3123
30 25 253433.873
31 25 -999.588097
32 25 5.78575662
33 25 -28.1097998
34 25 0
35 25 0
36 25 0
19 26 42.0961693
20 26 -999.023513
21 26 13.4139468
22 26 565968.972
23 26 25184.0163
24 26 99471.0032
25 26 1.47553519e-13
26 26 2000
27 26 3.55271368e-15
28 26 25404.3123
29 26 1.59872116e-14
30 26 -30827.9246
31 26 -4.9082732
32 26 -999.501559
33 26 -31.1856113
34 26 0
35 26 0
36 26 0
19 27 -45.4268661
20 27 -15.3257845
21 27 -998.850099
22 27 -2113726.07
23 27 -213307.454
24 27 99403.3592
25 27 -4.46753745e-13
26 27 3.55271368e-15
27 27 2000
28 27 -253433.873
29 27 30827.9246
30 27 0
31 27 28.2762211
32 27 31.0347953
33 27 -999.11826
34 27 0
35 27 0
36 27 0
19 28 0
20 28 0
21 28 0
22 28 -997.858823
23 28 -41.6815225
24 28 45.9435948
25 28 -3.41060513e-13
26 28 25404.3123
27 28 -253433.873
28 28 64876106.7
29 28 -7812839.84
30 28 -783162.08
31 28 -7290.84354
32 28 -33256.9181
33 28 252418.161
34 28 -999.349415
35 28 5.54015723
36 28 -28.1765959
19 29 0
20 29 0
21 29 0
22 29 41.83735
23 29 -998.739426
24 29 13.5121847
25 29 -25404.3123
26 29 1.59872116e-14
27 29 30827.9246
28 29 -7812839.84
29 29 1597739.47
30 29 -6438313.41
31 29 26265.5454
32 29 809.755163
33 29 -30086.6323
34 29 -5.15523595
35 29 -999.247439
36 29 -31.1164978
19 30 0
20 30 0
21 30 0
22 30 -45.5068987
23 30 -15.2379389
24 30 -998.819722
25 30 253433.873
26 30 -30827.9246
27 30 0
28 30 -783162.08
29 30 -6438313.41
30 30 65181089
31 30 -253178.171
32 30 32278.8654
33 30 -6162.58777
34 30 28.2102035
35 30 31.1027262
36 30 -999.099784
25 31 -999.588097
26 31 -4.9082732
27 31 28.2762211
28 31 -7290.84354
29 31 26265.5454
30 31 -253178.171
31 31 2000
32 31 1.89501193e-13
33 31 -5.09814413e-13
34 31 -1.8189894e-12
35 31 78404.0539
36 31 -742563.794
37 31 -999.198104
38 31 -1.65774414
39 31 -40.0050066
40 31 0
41 31 0
42 31 0
25 32 5.78575662
26 32 -999.501559
27 32 31.0347953
28 32 -33256.9181
29 32 809.755163
30 32 32278.8654
31 32 1.89501193e-13
32 32 2000
33 32 4.61852778e-14
34 32 -78404.0539
35 32 -2.27373675e-13
36 32 181558.323
37 32 2.80399234
38 32 -999.586616
39 32 -28.6135429
40 32 0
41 32 0
42 32 0
25 33 -28.1097998
26 33 -31.1856113
27 33 -999.11826
28 33 252418.161
29 33 -30086.6323
30 33 -6162.58777
31 33 -5.09814413e-13
32 33 4.61852778e-14
33 33 2000
34 33 742563.794
35 33 -181558.323
36 33 1.8189894e-12
37 33 39.9410352
38 33 28.7027715
39 33 -998.7897
40 33 0
41 33 0
42 33 0
25 34 0
26 34 0
27 34 0
28 34 -999.349415
29 34 -5.15523595
30 34 28.2102035
31 34 -1.8189894e-12
32 34 -78404.0539
33 34 742563.794
34 34 557550183
35 34 -134818637
36 34 -14234908.4
37 34 29438.9223
38 34 99685.2818
39 34 -739421.651
40 34 -998.933461
41 34 -1.89014506
42 34 -40.0565237
25 35 0
26 35 0
27 35 0
28 35 5.54015723
29 35 -999.247439
30 35 31.1027262
31 35 78404.0539
32 35 -2.27373675e-13
33 35 -181558.323
34 35 -134818637
35 35 39112619.8
36 35 -58220011.8
37 35 -85592.8094
38 35 -5341.20092
39 35 178202.028
40 35 2.56709162
41 35 -999.378577
42 35 -28.5674262
25 36 0
26 36 0
27 36 0
28 36 -28.1765959
29 36 -31.1164978
30 36 -999.099784
31 36 -742563.794
32 36 181558.323
33 36 1.8189894e-12
34 36 -14234908.4
35 36 -58220011.8
36 36 584366413
37 36 742477.423
38 36 -180252.289
39 36 24511.2426
40 36 39.8851192
41 36 28.7518752
42 36 -998.778815
31 37 -999.198104
32 37 2.80399234
33 37 39.9410352
34 37 29438.9223
35 37 -85592.8094
36 37 742477.423
37 37 2000
38 37 3.38607614e-13
39 37 -3.41060513e-13
40 37 0
41 37 3918.10927
42 37 -62667.9537
43 37 -999.719485
44 37 3.72522489
45 37 -23.3896187
46 37 0
47 37 0
48 37 0
31 38 -1.65774414
32 38 -999.586616
33 38 28.7027715
34 38 99685.2818
35 38 -5341.20092
36 38 -180252.289
37 38 3.38607614e-13
38 38 2000
39 38 5.01820807e-14
40 38 -3918.10927
41 38 -2.84217094e-14
42 38 39768.653
43 38 -3.01798281
44 38 -999.539312
45 38 -30.2002573
46 38 0
47 38 0
48 38 0
31 39 -40.0050066
32 39 -28.6135429
33 39 -998.7897
34 39 -739421.651
35 39 178202.028
36 39 24511.2426
37 39 -3.41060513e-13
38 39 5.01820807e-14
39 39 2000
40 39 62667.9537
41 39 -39768.653
42 39 2.84217094e-14
43 39 23.4913461
44 39 30.1211962
45 39 -999.270169
46 39 0
47 39 0
48 39 0
31 40 0
32 40 0
33 40 0
34 40 -998.933461
35 40 2.56709162
36 40 39.8851192
37 40 0
38 40 -3918.10927
39 40 62667.9537
40 40 3944623.45
41 40 -2492219.66
42 40 -155817.835
43 40 1483.97938
44 40 5803.93797
45 40 -62503.8888
46 40 -999.428837
47 40 3.51051887
48 40 -23.4305351
31 41 0
32 41 0
33 41 0
34 41 -1.89014506
35 41 -999.378577
36 41 28.7518752
37 41 3918.10927
38 41 -2.84217094e-14
39 41 -39768.653
40 41 -2492219.66
41 41 1598896.98
42 41 -245539.967
43 41 -4851.22937
44 41 -1183.28356
45 41 39647.9856
46 41 -3.23312514
47 41 -999.380383
48 41 -30.1699702
31 42 0
32 42 0
33 42 0
34 42 -40.0565237
35 42 -28.5674262
36 42 -998.778815
37 42 -62667.9537
38 42 39768.653
39 42 2.84217094e-14
40 42 -155817.835
41 42 -245539.967
42 42 5510818.18
43 42 62530.3533
44 42 -39983.7843
45 42 264.755988
46 42 23.4500651
47 42 30.1516911
48 42 -999.264357
37 43 -999.719485
38 43 -3.01798281
39 43 23.4913461
40 43 1483.97938
41 43 -4851.22937
42 43 62530.3533
43 43 2000
44 43 2.66199579e-13
45 43 -2.59348099e-13
46 43 1.77635684e-15
47 43 6004.15788
48 43 -25967.9374
49 43 -999.78412
50 43 3.1404305
51 43 -20.5389916
52 43 0
53 43 0
54 43 0
37 44 3.72522489
38 44 -999.539312
39 44 30.1211962
40 44 5803.93797
41 44 -1183.28356
42 44 -39983.7843
43 44 2.66199579e-13
44 44 2000
45 44 1.99062988e-13
46 44 -6004.15788
47 44 0
48 44 25766.4481
49 44 -2.39957621
50 44 -999.349042
51 44 -35.9963155
52 44 0
53 44 0
54 44 0
37 45 -23.3896187
38 45 -30.2002573
39 45 -999.270169
40 45 -62503.8888
41 45 39647.9856
42 45 264.755988
43 45 -2.59348099e-13
44 45 1.99062988e-13
45 45 2000
46 45 25967.9374
47 45 -25766.4481
48 45 -3.55271368e-15
49 45 20.6386655
50 45 35.9392597
51 45 -999.140838
52 45 0
53 45 0
54 45 0
37 46 0
38 46 0
39 46 0
40 46 -999.428837
41 46 -3.23312514
42 46 23.4500651
43 46 1.77635684e-15
44 46 -6004.15788
45 46 25967.9374
46 46 712383.078
47 46 -669101.111
48 46 -154705.75
49 46 550.351007
50 46 6933.51787
51 46 -25729.4991
52 46 -999.470646
53 46 2.95506843
54 46 -20.5709238
37 47 0
38 47 0
39 47 0
40 47 3.51051887
41 47 -999.380383
42 47 30.1516911
43 47 6004.15788
44 47 0
45 47 -25766.4481
46 47 -669101.111
47 47 701959.493
48 47 -155915.645
49 47 -6534.64681
50 47 -907.171432
51 47 25620.9913
52 47 -2.58529864
53 47 -999.239221
54 47 -35.9773967
37 48 0
38 48 0
39 48 0
40 48 -23.4305351
41 48 -30.1699702
42 48 -999.264357
43 48 -25967.9374
44 48 25766.4481
45 48 -3.55271368e-15
46 48 -154705.75
47 48 -155915.645
48 48 1340243.61
49 48 25900.5029
50 48 -25831.2258
51 48 -394.14195
52 48 20.6069384
53 48 35.9580204
54 48 -999.137607
43 49 -999.78412
44 49 -2.39957621
45 49 20.6386655
46 49 550.351007
47 49 -6534.64681
48 49 25900.5029
49 49 2000
50 49 2.90715802e-13
51 49 -7.82707232e-14
52 49 -5.68434189e-14
53 49 -15863.8326
54 49 -308471.202
55 49 -999.885043
56 49 1.8991008
57 49 -15.0430538
58 49 0
59 49 0
60 49 0
43 50 3.1404305
44 50 -999.349042
45 50 35.9392597
46 50 6933.51787
47 50 -907.171432
48 50 -25831.2258
49 50 2.90715802e-13
50 50 2000
51 50 3.63264974e-13
52 50 15863.8326
53 50 0
54 50 294260.886
55 50 -1.42311067
56 50 -999.499911
57 50 -31.5895974
58 50 0
59 50 0
60 50 0
43 51 -20.5389916
44 51 -35.9963155
45 51 -999.140838
46 51 -25729.4991
47 51 25620.9913
48 51 -394.14195
49 51 -7.82707232e-14
50 51 3.63264974e-13
51 51 2000
52 51 308471.202
53 51 -294260.886
54 51 0
55 51 15.0955228
56 51 31.5645581
57 51 -999.387714
58 51 0
59 51 0
60 51 0
43 52 0
44 52 0
45 52 0
46 52 -999.470646
47 52 -2.58529864
48 52 20.6069384
49 52 -5.68434189e-14
50 52 15863.8326
51 52 308471.202
52 52 95408143.3
53 52 -90771009
54 52 4668105.48
55 52 4633.95808
56 52 -6119.14206
57 52 -308783.462
58 52 -999.549951
59 52 1.75478747
60 52 -15.0669658
43 53 0
44 53 0
45 53 0
46 53 2.95506843
47 53 -999.239221
48 53 35.9580204
49 53 -15863.8326
50 53 0
51 53 -294260.886
52 53 -90771009
53 53 86843130
54 53 4893535.48
55 53 11419.987
56 53 -9318.34183
57 53 294319.355
58 53 -1.5676839
59 53 -999.437648
60 53 -31.5792807
43 54 0
44 54 0
45 54 0
46 54 -20.5709238
47 54 -35.9773967
48 54 -999.137607
49 54 -308471.202
50 54 294260.886
51 54 0
52 54 4668105.48
53 54 4893535.48
54 54 181745952
55 54 308016.976
56 54 -294699.547
57 54 -4655.23402
58 54 15.0711132
59 54 31.5750705
60 54 -999.385973
49 55 -999.885043
50 55 -1.42311067
51 55 15.0955228
52 55 4633.95808
53 55 11419.987
54 55 308016.976
55 55 2000
56 55 1.85173057e-13
57 55 -7.28306304e-14
58 55 0
59 55 48090.6297
60 55 455296.032
61 55 -999.976892
62 55 3.43441566
63 55 -5.86680092
64 55 0
65 55 0
66 55 0
49 56 1.8991008
50 56 -999.499911
51 56 31.5645581
52 56 -6119.14206
53 56 -9318.34183
54 56 -294699.547
55 56 1.85173057e-13
56 56 2000
57 56 3.68594044e-13
58 56 -48090.6297
59 56 -4.54747351e-13
60 56 -536441.821
61 56 -3.18659083
62 56 -999.123372
63 56 -41.7412752
64 56 0
65 56 0
66 56 0
49 57 -15.0430538
50 57 -31.5895974
51 57 -999.387714
52 57 -308783.462
53 57 294319.355
54 57 -4655.23402
55 57 -7.28306304e-14
56 57 3.68594044e-13
57 57 2000
58 57 -455296.032
59 57 536441.821
60 57 9.09494702e-13
61 57 6.00501481
62 57 41.7216156
63 57 -999.111228
64 57 0
65 57 0
66 57 0
49 58 0
50 58 0
51 58 0
52 58 -999.549951
53 58 -1.5676839
54 58 15.0711132
55 58 0
56 58 -48090.6297
57 58 -455296.032
58 58 209609185
59 58 -244239833
60 58 25797825
61 58 -2580.81426
62 58 29052.786
63 58 456898.742
64 58 -999.623549
65 58 3.34526102
66 58 -5.88790264
49 59 0
50 59 0
51 59 0
52 59 1.75478747
53 59 -999.437648
54 59 31.5750705
55 59 48090.6297
56 59 -4.54747351e-13
57 59 536441.821
58 59 -244239833
59 59 290084536
60 59 21895472.9
61 59 -44868.1773
62 59 22546.3827
63 59 -536247.185
64 59 -3.27537838
65 59 -999.100969
66 59 -41.7359728
49 60 0
50 60 0
51 60 0
52 60 -15.0669658
53 60 -31.5792807
54 60 -999.385973
55 60 455296.032
56 60 -536441.821
57 60 9.09494702e-13
58 60 25797825
59 60 21895472.9
60 60 495066305
61 60 -453576.091
62 60 537535.237
63 60 19720.6345
64 60 5.98553929
65 60 41.7265296
66 60 -999.110065
55 61 -999.976892
56 61 -3.18659083
57 61 6.00501481
58 61 -2580.81426
59 61 -44868.1773
60 61 -453576.091
61 61 2000
62 61 1.04308489e-13
63 61 -1.72306613e-13
64 61 0
65 61 -25773.3951
66 61 -863785.826
67 61 -999.970197
68 61 6.97505976
69 61 -3.30958053
70 61 0
71 61 0
72 61 0
55 62 3.43441566
56 62 -999.123372
57 62 41.7216156
58 62 29052.786
59 62 22546.3827
60 62 537535.237
61 62 1.04308489e-13
62 62 2000
63 62 2.70228284e-13
64 62 25773.3951
65 62 -2.27373675e-13
66 62 1139920.91
67 62 -6.84749288
68 62 -999.28789
69 62 -37.1055944
70 62 0
71 62 0
72 62 0
55 63 -5.86680092
56 63 -41.7412752
57 63 -999.111228
58 63 456898.742
59 63 -536247.185
60 63 19720.6345
61 63 -1.72306613e-13
62 63 2.70228284e-13
63 63 2000
64 63 863785.826
65 63 -1139920.91
66 63 0
67 63 3.56603748
68 63 37.0818262
69 63 -999.30587
70 63 0
71 63 0
72 63 0
55 64 0
56 64 0
57 64 0
58 64 -999.623549
59 64 -3.27537838
60 64 5.98553929
61 64 0
62 64 25773.3951
63 64 863785.826
64 64 746792220
65 64 -984647521
66 64 29379631.9
67 64 2903.80949
68 64 6275.71429
69 64 -864142.583
70 64 -999.601296
71 64 6.95937028
72 64 -3.32846802
55 65 0
56 65 0
57 65 0
58 65 3.34526102
59 65 -999.100969
60 65 41.7265296
61 65 -25773.3951
62 65 -2.27373675e-13
63 65 -1139920.91
64 65 -984647521
65 65 1.30008594e+09
66 65 22262693.3
67 65 21707.6263
68 65 -42450.1199
69 65 1139214.95
70 65 -6.86134462
71 65 -999.287301
72 65 -37.1048852
55 66 0
56 66 0
57 66 0
58 66 -5.88790264
59 66 -41.7359728
60 66 -999.110065
61 66 -863785.826
62 66 1139920.91
63 66 0
64 66 29379631.9
65 66 22262693.3
66 66 2.04554763e+09
67 66 855954.482
68 66 -1145134.11
69 66 -39438.674
70 66 3.54643128
71 66 37.0826601
72 66 -999.304866
61 67 -999.970197
62 67 -6.84749288
63 67 3.56603748
64 67 2903.80949
65 67 21707.6263
66 67 855954.482
67 67 2000
68 67 3.41469908e-13
69 67 6.03961325e-14
70 67 -1.8189894e-12
71 67 140041.236
72 67 -1463300.9
73 67 -999.051797
74 67 38.9200219
75 67 19.5125316
76 67 0
77 67 0
78 67 0
61 68 6.97505976
62 68 -999.28789
63 68 37.0818262
64 68 6275.71429
65 68 -42450.1199
66 68 -1145134.11
67 68 3.41469908e-13
68 68 2000
69 68 2.27484698e-13
70 68 -140041.236
71 68 1.59161573e-12
72 68 1851442.15
73 68 -39.6423961
74 68 -998.486799
75 68 -38.1128914
76 68 0
77 68 0
78 68 0
61 69 -3.30958053
62 69 -37.1055944
63 69 -999.30587
64 69 -864142.583
65 69 1139214.95
66 69 -39438.674
67 69 6.03961325e-14
68 69 2.27484698e-13
69 69 2000
70 69 1463300.9
71 69 -1851442.15
72 69 1.8189894e-12
73 69 -17.9996506
74 69 38.8502761
75 69 -999.082914
76 69 0
77 69 0
78 69 0
61 70 0
62 70 0
63 70 0
64 70 -999.601296
65 70 -6.86134462
66 70 3.54643128
67 70 -1.8189894e-12
68 70 -140041.236
69 70 1463300.9
70 70 2.16086308e+09
71 70 -2.70921697e+09
72 70 -259278247
73 70 -20787.3348
74 70 196678.969
75 70 -1456621.55
76 70 -998.67007
77 70 38.9939392
78 70 19.4845756
61 71 0
62 71 0
63 71 0
64 71 6.95937028
65 71 -999.287301
66 71 37.0826601
67 71 140041.236
68 71 1.59161573e-12
69 71 -1851442.15
70 71 -2.70921697e+09
71 71 3.44745159e+09
72 71 -204922466
73 71 -106583.136
74 71 -66478.6308
75 71 1852476.78
76 71 -39.5538991
77 71 -998.469663
78 71 -38.1193725
61 72 0
62 72 0
63 72 0
64 72 -3.32846802
65 72 -37.1048852
66 72 -999.304866
67 72 -1463300.9
68 72 1851442.15
69 72 1.8189894e-12
70 72 -259278247
71 72 -204922466
72 72 5.56908957e+09
73 72 1388517.79
74 72 -1905592.25
75 72 -99116.5186
76 72 -18.0237517
77 72 38.8456092
78 72 -999.081149
67 73 -999.051797
68 73 -39.6423961
69 73 -17.9996506
70 73 -20787.3348
71 73 -106583.136
72 73 1388517.79
73 73 2000
74 73 3.62591901e-14
75 73 -7.01660952e-14
76 73 0
77 73 -290463.416
78 73 -2511841.54
79 73 -999.66392
80 73 16.4699661
81 73 20.0196578
82 73 0
83 73 0
84 73 0
67 74 38.9200219
68 74 -998.486799
69 74 38.8502761
70 74 196678.969
71 74 -66478.6308
72 74 -1905592.25
73 74 3.62591901e-14
74 74 2000
75 74 3.7658765e-13
76 74 290463.416
77 74 3.63797881e-12
78 74 5048454.1
79 74 -17.1555333
80 74 -999.255039
81 74 -34.569574
82 74 0
83 74 0
84 74 0
67 75 19.5125316
68 75 -38.1128914
69 75 -999.082914
70 75 -1456621.55
71 75 1852476.78
72 75 -99116.5186
73 75 -7.01660952e-14
74 75 3.7658765e-13
75 75 2000
76 75 2511841.54
77 75 -5048454.1
78 75 0
79 75 -19.4353842
80 75 34.9014037
81 75 -999.20176
82 75 0
83 75 0
84 75 0
67 76 0
68 76 0
69 76 0
70 76 -998.67007
71 76 -39.5538991
72 76 -18.0237517
73 76 0
74 76 290463.416
75 76 2511841.54
76 76 6.39371889e+09
77 76 -1.26809167e+10
78 76 1.46639123e+09
79 76 -53801.66
80 76 -202580.237
81 76 -2519877.68
82 76 -999.260186
83 76 16.6938488
84 76 19.9720579
67 77 0
68 77 0
69 77 0
70 77 38.9939392
71 77 -998.469663
72 77 38.8456092
73 77 -290463.416
74 77 3.63797881e-12
75 77 -5048454.1
76 77 -1.26809167e+10
77 77 2.55712598e+10
78 77 729598073
79 77 388484.442
80 77 -180982.057
81 77 5038609.25
82 77 -16.9248971
83 77 -999.127144
84 77 -34.5967657
67 78 0
68 78 0
69 78 0
70 78 19.4845756
71 78 -38.1193725
72 78 -999.081149
73 78 -2511841.54
74 78 5048454.1
75 78 0
76 78 1.46639123e+09
77 78 729598073
78 78 3.17962387e+10
79 78 2424388.43
80 78 -5086063.15
81 78 -224809.115
82 78 -19.4832534
83 78 34.8748588
84 78 -999.196117
73 79 -999.66392
74 79 -17.1555333
75 79 -19.4353842
76 79 -53801.66
77 79 388484.442
78 79 2424388.43
79 79 2000
80 79 5.82207893e-14
81 79 -2.20268248e-13
82 79 1.8189894e-12
83 79 56764.8523
84 79 -2178387.43
85 79 -999.07107
86 79 -0.12785315
87 79 43.0926929
88 79 0
89 79 0
90 79 0
73 80 16.4699661
74 80 -999.255039
75 80 34.9014037
76 80 -202580.237
77 80 -180982.057
78 80 -5086063.15
79 80 5.82207893e-14
80 80 2000
81 80 3.55271368e-13
82 80 -56764.8523
83 80 9.09494702e-13
84 80 4176268.09
85 80 -1.5513172
86 80 -999.240706
87 80 -38.9307815
88 80 0
89 80 0
90 80 0
73 81 20.0196578
74 81 -34.569574
75 81 -999.20176
76 81 -2519877.68
77 81 5038609.25
78 81 -224809.115
79 81 -2.20268248e-13
80 81 3.55271368e-13
81 81 2000
82 81 2178387.43
83 81 -4176268.09
84 81 0
85 81 -43.0649503
86 81 38.9614679
87 81 -998.312283
88 81 0
89 81 0
90 81 0
73 82 0
74 82 0
75 82 0
76 82 -999.260186
77 82 -16.9248971
78 82 -19.4832534
79 82 1.8189894e-12
80 82 -56764.8523
81 82 2178387.43
82 82 4.74859602e+09
83 82 -9.0975299e+09
84 82 -237065242
85 82 -93724.086
86 82 141594.923
87 82 -2172501.02
88 82 -998.655336
89 82 0.36875737
90 82 42.9766831
73 83 0
74 83 0
75 83 0
76 83 16.6938488
77 83 -999.127144
78 83 34.8748588
79 83 56764.8523
80 83 9.09494702e-13
81 83 -4176268.09
82 83 -9.0975299e+09
83 83 1.74444394e+10
84 83 -123655840
85 83 123138.656
86 83 -162720.793
87 83 4171665.88
88 83 -1.06443201
89 83 -998.659103
90 83 -39.0666458
73 84 0
74 84 0
75 84 0
76 84 19.9720579
77 84 -34.5967657
78 84 -999.196117
79 84 -2178387.43
80 84 4176268.09
81 84 0
82 84 -237065242
83 84 -123655840
84 84 2.2186589e+10
85 84 2169885.14
86 84 -4172818.56
87 84 -256457.961
88 84 -43.1809051
89 84 38.8229555
90 84 -998.279926
79 85 -999.07107
80 85 -1.5513172
81 85 -43.0649503
82 85 -93724.086
83 85 123138.656
84 85 2169885.14
85 85 2000
86 85 3.62967469e-13
87 85 -4.12114787e-13
88 85 0
89 85 54263.8853
90 85 -2549787.4
91 85 -993.301783
92 85 37.4058201
93 85 109.326907
94 85 0
95 85 0
96 85 0
79 86 -0.12785315
80 86 -999.240706
81 86 38.9614679
82 86 141594.923
83 86 -162720.793
84 86 -4172818.56
85 86 3.62967469e-13
86 86 2000
87 86 1.3500312e-13
88 86 -54263.8853
89 86 0
90 86 5130459.21
91 86 -41.6948755
92 86 -998.437195
93 86 -37.2116272
94 86 0
95 86 0
96 86 0
79 87 43.0926929
80 87 -38.9307815
81 87 -998.312283
82 87 -2172501.02
83 87 4171665.88
84 87 -256457.961
85 87 -4.12114787e-13
86 87 1.3500312e-13
87 87 2000
88 87 2549787.4
89 87 -5130459.21
90 87 0
91 87 -107.764119
92 87 41.5207474
93 87 -993.309077
94 87 0
95 87 0
96 87 0
79 88 0
80 88 0
81 88 0
82 88 -998.655336
83 88 -1.06443201
84 88 -43.1809051
85 88 0
86 88 -54263.8853
87 88 2549787.4
88 88 6.50436235e+09
89 88 -1.30815803e+10
90 88 -278398650
91 88 -272513.066
92 88 160048.16
93 88 -2530707.72
94 88 -992.879582
95 88 38.5574916
96 88 108.891513
79 89 0
80 89 0
81 89 0
82 89 0.36875737
83 89 -998.659103
84 89 38.8229555
85 89 54263.8853
86 89 0
87 89 -5130459.21
88 89 -1.30815803e+10
89 89 2.63245583e+10
90 89 -138361370
91 89 498979.003
92 89 -210990.716
93 89 5102064.21
94 89 -40.5482001
95 89 -995.309319
96 89 -38.3941325
79 90 0
80 90 0
81 90 0
82 90 42.9766831
83 90 -39.0666458
84 90 -998.279926
85 90 -2549787.4
86 90 5130459.21
87 90 0
88 90 -278398650
89 90 -138361370
90 90 3.28230295e+10
91 90 2318794.51
92 90 -5217818.19
93 90 -469673.105
94 90 -108.197183
95 90 40.3394447
96 90 -992.862481
85 91 -993.301783
86 91 -41.6948755
87 91 -107.764119
88 91 -272513.066
89 91 498979.003
90 91 2318794.51
91 91 2000
92 91 2.13096901e-13
93 91 -4.9715787e-13
94 91 0
95 91 -1476244.14
96 91 -3793750.55
97 91 -578.782578
98 91 583.752887
99 91 569.423651
100 91 0
101 91 0
102 91 0
85 92 37.4058201
86 92 -998.437195
87 92 41.5207474
88 92 160048.16
89 92 -210990.716
90 92 -5217818.19
91 92 2.13096901e-13
92 92 2000
93 92 3.06421555e-13
94 92 1476244.14
95 92 -7.27595761e-12
96 92 10606831.4
97 92 -412.610262
98 92 -811.921207
99 92 412.960925
100 92 0
101 92 0
102 92 0
85 93 109.326907
86 93 -37.2116272
87 93 -993.309077
88 93 -2530707.72
89 93 5102064.21
90 93 -469673.105
91 93 -4.9715787e-13
92 93 3.06421555e-13
93 93 2000
94 93 3793750.55
95 93 -10606831.4
96 93 7.27595761e-12
97 93 -703.39427
98 93 -4.06454668
99 93 -710.788281
100 93 0
101 93 0
102 93 0
85 94 0
86 94 0
87 94 0
88 94 -992.879582
89 94 -40.5482001
90 94 -108.197183
91 94 0
92 94 1476244.14
93 94 3793750.55
94 94 1.6571842e+10
95 94 -4.02396724e+10
96 94 1.56582726e+10
97 94 -3277615.88
98 94 -1214013.8
99 94 -2086922.29
100 94 -565.174962
101 94 541.482106
102 94 602.568132
85 95 0
86 95 0
87 95 0
88 95 38.5574916
89 95 -995.309319
90 95 40.3394447
91 95 -1476244.14
92 95 -7.27595761e-12
93 95 -10606831.4
94 95 -4.02396724e+10
95 95 1.1468417e+11
96 95 5.60050213e+09
97 95 8315208.8
98 95 -818649.817
99 95 6698603.11
100 95 -454.784497
101 95 -680.910905
102 95 310.235867
85 96 0
86 96 0
87 96 0
88 96 108.891513
89 96 -38.3941325
90 96 -992.862481
91 96 -3793750.55
92 96 10606831.4
93 96 7.27595761e-12
94 96 1.56582726e+10
95 96 5.60050213e+09
96 96 1.26897417e+11
97 96 -2180730.75
98 96 -10826524.2
99 96 2219955.6
100 96 -670.606147
101 96 -105.917773
102 96 -630.92526
91 97 -578.782578
92 97 -412.610262
93 97 -703.39427
94 97 -3277615.88
95 97 8315208.8
96 97 -2180730.75
97 97 2000
98 97 3.03333747e-14
99 97 -1.08002496e-12
100 97 7.27595761e-11
101 97 52565217.9
102 97 -18508558
103 97 -997.692996
104 97 21.1100215
105 97 64.5217176
106 97 0
107 97 0
108 97 0
91 98 583.752887
92 98 -811.921207
93 98 -4.06454668
94 98 -1214013.8
95 98 -818649.817
96 98 -10826524.2
97 98 3.03333747e-14
98 98 2000
99 98 4.27206881e-13
100 98 -52565217.9
101 98 -4.36557457e-11
102 98 -47745993.5
103 98 -19.1057371
104 98 -999.320358
105 98 31.5244883
106 98 0
107 98 0
108 98 0
91 99 569.423651
92 99 412.960925
93 99 -710.788281
94 99 -2086922.29
95 99 6698603.11
96 99 2219955.6
97 99 -1.08002496e-12
98 99 4.27206881e-13
99 99 2000
100 99 18508558
101 99 47745993.5
102 99 -4.54747351e-12
103 99 -65.1433486
104 99 -30.2190262
105 99 -997.418245
106 99 0
107 99 0
108 99 0
91 100 0
92 100 0
93 100 0
94 100 -565.174962
95 100 -454.784497
96 100 -670.606147
97 100 7.27595761e-11
98 100 -52565217.9
99 100 18508558
100 100 3.10566886e+12
101 100 8.83709492e+11
102 100 2.50977855e+12
103 100 -201412.211
104 100 51970181.8
105 100 -20117865.1
106 100 -997.483455
107 100 20.6026183
108 100 64.6367089
91 101 0
92 101 0
93 101 0
94 101 541.482106
95 101 -680.910905
96 101 -105.917773
97 101 52565217.9
98 101 -4.36557457e-11
99 101 47745993.5
100 101 8.83709492e+11
101 101 5.04278204e+12
102 101 -9.72906386e+11
103 101 -55554283.7
104 101 -333184.548
105 101 -44231126.9
106 101 -19.605716
107 101 -998.10966
108 101 31.2501116
91 102 0
92 102 0
93 102 0
94 102 602.568132
95 102 310.235867
96 102 -630.92526
97 102 -18508558
98 102 -47745993.5
99 102 -4.54747351e-12
100 102 2.50977855e+12
101 102 -9.72906386e+11
102 102 2.62224662e+12
103 102 19378081.1
104 102 47322827.3
105 102 -2699371.97
106 102 -65.0318318
107 102 -30.4890636
108 102 -997.357047
97 103 -997.692996
98 103 -19.1057371
99 103 -65.1433486
100 103 -201412.211
101 103 -55554283.7
102 103 19378081.1
103 103 2000
104 103 2.59382793e-13
105 103 -7.37188088e-13
106 103 -5.82076609e-11
107 103 66335823.2
108 103 -27909450.1
109 103 -998.402387
110 103 -2.24518204
111 103 56.4591287
112 103 0
113 103 0
114 103 0
97 104 21.1100215
98 104 -999.320358
99 104 -30.2190262
100 104 51970181.8
101 104 -333184.548
102 104 47322827.3
103 104 2.59382793e-13
104 104 2000
105 104 2.80664381e-13
106 104 -66335823.2
107 104 1.16415322e-10
108 104 -47591114.5
109 104 4.07944631
110 104 -999.466847
111 104 32.3941223
112 104 0
113 104 0
114 104 0
97 105 64.5217176
98 105 31.5244883
99 105 -997.418245
100 105 -20117865.1
101 105 -44231126.9
102 105 -2699371.97
103 105 -7.37188088e-13
104 105 2.80664381e-13
105 105 2000
106 105 27909450.1
107 105 47591114.5
108 105 -2.91038305e-11
109 105 -56.3562967
110 105 -32.572691
111 105 -997.879245
112 105 0
113 105 0
114 105 0
97 106 0
98 106 0
99 106 0
100 106 -997.483455
101 106 -19.605716
102 106 -65.0318318
103 106 -5.82076609e-11
104 106 -66335823.2
105 106 27909450.1
106 106 5.17937884e+12
107 106 1.32824184e+12
108 106 3.15699576e+12
109 106 -1843486.68
110 106 65391370.2
111 106 -29999151.7
112 106 -998.195201
113 106 -2.7420779
114 106 56.5801664
97 107 0
98 107 0
99 107 0
100 107 20.6026183
101 107 -998.10966
102 107 -30.4890636
103 107 66335823.2
104 107 1.16415322e-10
105 107 47591114.5
106 107 1.32824184e+12
107 107 6.66535562e+12
108 107 -1.85139635e+12
109 107 -68911903.2
110 107 -1699106.67
111 107 -43744922.7
112 107 3.55717648
113 107 -998.214285
114 107 32.0890137
97 108 0
98 108 0
99 108 0
100 108 64.6367089
101 108 31.2501116
102 108 -997.357047
103 108 -27909450.1
104 108 -47591114.5
105 108 -2.91038305e-11
106 108 3.15699576e+12
107 108 -1.85139635e+12
108 108 3.04385159e+12
109 108 27670716.2
110 108 47628403
111 108 -3117415.62
112 108 -56.2351844
113 108 -32.8631552
114 108 -997.808492
103 109 -998.402387
104 109 4.07944631
105 109 -56.3562967
106 109 -1843486.68
107 109 -68911903.2
108 109 27670716.2
109 109 2000
110 109 5.44973788e-13
111 109 -4.12558876e-13
112 109 -2.61934474e-10
113 109 84077781.2
114 109 -41829865.9
115 109 -997.600516
116 109 6.40557494
117 109 68.9360567
118 109 0
119 109 0
120 109 0
103 110 -2.24518204
104 110 -999.466847
105 110 -32.572691
106 110 65391370.2
107 110 -1699106.67
108 110 47628403
109 110 5.44973788e-13
110 110 2000
111 110 -1.27009514e-13
112 110 -84077781.2
113 110 3.49245965e-10
114 110 -43983673.1
115 110 -3.99612582
116 110 -999.378158
117 110 35.0332559
118 110 0
119 110 0
120 110 0
103 111 56.4591287
104 111 32.3941223
105 111 -997.879245
106 111 -29999151.7
107 111 -43744922.7
108 111 -3117415.62
109 111 -4.12558876e-13
110 111 -1.27009514e-13
111 111 2000
112 111 41829865.9
113 111 43983673.1
114 111 0
115 111 -69.1175974
116 111 -34.673717
117 111 -997.005763
118 111 0
119 111 0
120 111 0
103 112 0
104 112 0
105 112 0
106 112 -998.195201
107 112 3.55717648
108 112 -56.2351844
109 112 -2.61934474e-10
110 112 -84077781.2
111 112 41829865.9
112 112 8.81881097e+12
113 112 1.83983115e+12
114 112 3.69804964e+12
115 112 -2555194.44
116 112 82575101.1
117 112 -44650135.8
118 112 -997.390933
119 112 5.89692396
120 112 69.0676629
103 113 0
104 113 0
105 113 0
106 113 -2.7420779
107 113 -998.214285
108 113 -32.8631552
109 113 84077781.2
110 113 3.49245965e-10
111 113 43983673.1
112 113 1.83983115e+12
113 113 9.00363679e+12
114 113 -3.51696231e+12
115 113 -86916083.6
116 113 -986510.904
117 113 -38055984.9
118 113 -4.52414893
119 113 -998.096659
120 113 34.7016861
103 114 0
104 114 0
105 114 0
106 114 56.5801664
107 114 32.0890137
108 114 -997.808492
109 114 -41829865.9
110 114 -43983673.1
111 114 0
112 114 3.69804964e+12
113 114 -3.51696231e+12
114 114 3.68430118e+12
115 114 41905260.1
116 114 43688377.9
117 114 -4424477.28
118 114 -68.9855563
119 114 -34.9941774
120 114 -996.922848
109 115 -997.600516
110 115 -3.99612582
111 115 -69.1175974
112 115 -2555194.44
113 115 -86916083.6
114 115 41905260.1
115 115 2000
116 115 5.19140286e-13
117 115 -3.00204306e-13
118 115 0
119 115 89395072.4
120 115 -47198194.9
121 115 -998.111686
122 115 16.5961329
123 115 59.1407728
124 115 0
125 115 0
126 115 0
109 116 6.40557494
110 116 -999.378158
111 116 -34.673717
112 116 82575101.1
113 116 -986510.904
114 116 43688377.9
115 116 5.19140286e-13
116 116 2000
117 116 -3.34399175e-13
118 116 -89395072.4
119 116 -8.73114914e-11
120 116 -39823342.3
121 116 -14.733994
122 116 -999.386132
123 116 31.7847301
124 116 0
125 116 0
126 116 0
109 117 68.9360567
110 117 35.0332559
111 117 -997.005763
112 117 -44650135.8
113 117 -38055984.9
114 117 -4424477.28
115 117 -3.00204306e-13
116 117 -3.34399175e-13
117 117 2000
118 117 47198194.9
119 117 39823342.3
120 117 2.32830644e-10
121 117 -59.6319718
122 117 -30.8533307
123 117 -997.743504
124 117 0
125 117 0
126 117 0
109 118 0
110 118 0
111 118 0
112 118 -997.390933
113 118 -4.52414893
114 118 -68.9855563
115 118 0
116 118 -89395072.4
117 118 47198194.9
118 118 1.02191486e+13
119 118 1.87958987e+12
120 118 3.56001057e+12
121 118 -1497374.97
122 118 87883974.1
123 118 -49933090.7
124 118 -997.904192
125 118 16.0721018
126 118 59.2848382
109 119 0
110 119 0
111 119 0
112 119 5.89692396
113 119 -998.096659
114 119 -34.9941774
115 119 89395072.4
116 119 -8.73114914e-11
117 119 39823342.3
118 119 1.87958987e+12
119 119 9.57737757e+12
120 119 -4.21928606e+12
121 119 -91601010.9
122 119 254929.756
123 119 -34446587.4
124 119 -15.2597702
125 119 -998.058271
126 119 31.4196776
109 120 0
110 120 0
111 120 0
112 120 69.0676629
113 120 34.7016861
114 120 -996.922848
115 120 -47198194.9
116 120 -39823342.3
117 120 2.32830644e-10
118 120 3.56001057e+12
119 120 -4.21928606e+12
120 120 3.8135682e+12
121 120 47695826.8
122 120 39015588.4
123 120 -4057111.91
124 120 -59.4918811
125 120 -31.2071333
126 120 -997.646238
115 121 -998.111686
116 121 -14.733994
117 121 -59.6319718
118 121 -1497374.97
119 121 -91601010.9
120 121 47695826.8
121 121 2000
122 121 5.14342041e-13
123 121 -3.54827279e-13
124 121 0
125 121 123232512
126 121 -73879041.6
127 121 -996.835324
128 121 21.1089004
129 121 76.6404005
130 121 0
131 121 0
132 121 0
115 122 16.5961329
116 122 -999.386132
117 122 -30.8533307
118 122 87883974.1
119 122 254929.756
120 122 39015588.4
121 122 5.14342041e-13
122 122 2000
123 122 -2.4158453e-13
124 122 -123232512
125 122 0
126 122 -37391494.1
127 122 -18.5748572
128 122 -999.261802
129 122 33.6277471
130 122 0
131 122 0
132 122 0
115 123 59.1407728
116 123 31.7847301
117 123 -997.743504
118 123 -49933090.7
119 123 -34446587.4
120 123 -4057111.91
121 123 -3.54827279e-13
122 123 -2.4158453e-13
123 123 2000
124 123 73879041.6
125 123 37391494.1
126 123 -5.82076609e-11
127 123 -77.2936695
128 123 -32.0977417
129 123 -996.491557
130 123 0
131 123 0
132 123 0
115 124 0
116 124 0
117 124 0
118 124 -997.904192
119 124 -15.2597702
120 124 -59.4918811
121 124 0
122 124 -123232512
123 124 73879041.6
124 124 2.06443648e+13
125 124 2.76244775e+12
126 124 4.60784775e+12
127 124 -3421355.9
128 124 120770192
129 124 -77763872.9
130 124 -996.635327
131 124 20.5838568
132 124 76.7912226
115 125 0
116 125 0
117 125 0
118 125 16.0721018
119 125 -998.058271
120 125 -31.2071333
121 125 123232512
122 125 0
123 125 37391494.1
124 125 2.76244775e+12
125 125 1.65843758e+13
126 125 -9.10429988e+12
127 125 -125732647
128 125 1401120.3
129 125 -27815719.1
130 125 -19.1038029
131 125 -997.873181
132 125 33.2288569
115 126 0
116 126 0
117 126 0
118 126 59.2848382
119 126 31.4196776
120 126 -997.646238
121 126 -73879041.6
122 126 -37391494.1
123 126 -5.82076609e-11
124 126 4.60784775e+12
125 126 -9.10429988e+12
126 126 6.85623662e+12
127 126 74339780
128 126 35804386.5
129 126 -6919511.04
130 126 -77.1439406
131 126 -32.4908193
132 126 -996.378643
121 127 -996.835324
122 127 -18.5748572
123 127 -77.2936695
124 127 -3421355.9
125 127 -125732647
126 127 74339780
127 127 2000
128 127 3.94991331e-13
129 127 -2.29150032e-13
130 127 6.98491931e-10
131 127 150389983
132 127 -94588396
133 127 -996.12854
134 127 7.18277843
135 127 87.6147222
136 127 0
137 127 0
138 127 0
121 128 21.1089004
122 128 -999.261802
123 128 -32.0977417
124 128 120770192
125 128 1401120.3
126 128 35804386.5
127 128 3.94991331e-13
128 128 2000
129 128 -1.74193993e-13
130 128 -150389983
131 128 -2.91038305e-10
132 128 -34936198.8
133 128 -4.63802923
134 128 -999.562424
135 128 29.213836
136 128 0
137 128 0
138 128 0
121 129 76.6404005
122 129 33.6277471
123 129 -996.491557
124 129 -77763872.9
125 129 -27815719.1
126 129 -6919511.04
127 129 -2.29150032e-13
128 129 -1.74193993e-13
129 129 2000
130 129 94588396
131 129 34936198.8
132 129 2.32830644e-10
133 129 -87.7862207
134 129 -28.6943762
135 129 -995.725972
136 129 0
137 129 0
138 129 0
121 130 0
122 130 0
123 130 0
124 130 -996.635327
